# digitised from Fig. 2, Appl. Sci. 2021;11:9425. doi: 10.3390/app11209425
303.29009252120284 0.10651389940540401
307.9207787201234 0.11459913895654017
312.551464919044 0.10133934609267725
316.76117964533546 0.07286732474001023
320.97089437162685 0.052504499203815946
325.60158057054747 0.04625191395093764
330.2322667694681 0.04830017463722536
334.86295296838864 0.05444495669608873
339.4936391673092 0.06285360582927013
344.1243253662298 0.07093884538040585
348.7550115651504 0.07826946257343592
353.385697764071 0.08506106379639022
358.01638396299154 0.09174486182532893
362.64707016191215 0.09767403749616199
367.2777563608327 0.1028485908088892
371.9084425597533 0.10457344191313145
376.5391287586739 0.10511245788320744
381.16981495759444 0.10371101636101043
385.80050115651505 0.09993790457048024
390.43118735543567 0.09400872889964718
395.0618735543562 0.08710932448267794
399.6925597532768 0.07751484021532984
404.3232459521974 0.06630330803775486
408.953932151118 0.05293571197987679
413.58461835003857 0.04075395105616497
418.2153045489591 0.03159067956487793
422.84599074787974 0.02846438693843867
427.47667694680035 0.026308323058135796
432.1073631457209 0.029111206102529374
436.73804934464147 0.03525598816139275
441.3687355435621 0.044958275622756005
445.9994217424827 0.05649321738237667
450.63010794140325 0.07309490926070894
454.83982266769465 0.09487115445176841
458.20759444872783 0.12112893242260037
461.15439475713185 0.14552325518259912
464.1011950655359 0.17211984319176432
467.0479953739399 0.19973286131592927
469.99479568234386 0.22599063928676144
472.7311102544333 0.2527848664849546
475.04645335389364 0.28081010348909174
477.15131071703934 0.30998164778959025
479.04568234387045 0.3427106974925884
480.51908249807246 0.37018254476744805
481.78199691595995 0.39933432514904377
483.25539707016196 0.4295731210702922
484.9392829606785 0.46336942239404033
486.41268311488056 0.491730646019525
487.67559753276794 0.5237481946420233
488.9385119506554 0.5533940729961884
490.2014263685428 0.5794824459478536
491.4643407864303 0.607151932411741
492.93774094063224 0.632647387796323
494.6216268311489 0.6611074310163215
497.7789128758674 0.6908072109674941
501.14668465690056 0.6809108777569038
503.0410562837317 0.6516207499429887
504.51445643793375 0.6186150053753515
505.7773708558211 0.5897596837772976
507.2507710100232 0.5617937385298685
510.4080570547418 0.5347081860335632
514.4072860447186 0.5457849642186194
517.143600616808 0.5734742146014096
519.2484579799537 0.6007484226872415
521.1428296067849 0.6255323769913235
522.8267154973015 0.6507313735923638
524.510601387818 0.6794878755959038
526.4049730146492 0.7122169252989021
528.509830377795 0.7399654674384006
530.6146877409407 0.7641565041753994
533.3510023130301 0.7936245072594394
537.3502313030069 0.8195242246215783
541.9809175019276 0.8359103101118803
546.6116037008481 0.8467984327074102
551.2422898997687 0.8588723904371064
555.2415188897456 0.8810798484042265
557.977833461835 0.909539891624225
560.0826908249808 0.9349167634953902
562.398033924441 0.9646812253629721
565.7658057054742 0.9741679064363049
568.5021202775636 0.9326636767404737
569.3440632228219 0.8961992463648507
570.1860061680802 0.8555843930196445
571.1682729375482 0.8206022565617297
571.6594063222822 0.7820626147013151
572.1505397070162 0.7490568701336779
572.7118350038551 0.7079479188159024
573.1328064764842 0.6694082769554878
573.694101773323 0.6340308621195174
574.1150732459522 0.6016180351189636
574.8166923670008 0.5707863216306319
575.2376638396299 0.5406661092228002
575.6586353122591 0.5051701108734132
575.7989591364689 0.4723620054948039
576.5005782575173 0.4387040516033751
576.9215497301465 0.4039788460911964
577.3425212027756 0.37858221030112826
577.7634926754048 0.34923279073050484
578.6054356206631 0.31721524210800656
579.4473785659213 0.28193664686655007
580.2893215111797 0.23904894284752443
581.131264456438 0.20337506922801252
582.1415959907479 0.1691044338505976
583.6570932922128 0.13914233279398824
585.1304934464148 0.10524721187572617
587.0248650732459 0.07494912419776956
589.5506939090209 0.050317634410937284
593.3394371626831 0.026523929446165884
597.9701233616037 0.011108072701999872
602.6008095605243 0.004532077867076101
607.2314957594449 0.003130636344879534
611.8621819583655 0.0035618491209399306
614.8089822667695 0.0035618491209399306
